90005				250219 2120
90005				250220 0743
90005				250220 0751
90010				250219 2020
90010				250220 0708
00006				250219 1702
00006				250220 0744
00007				250219 1729
00007				250220 0725
90004				250219 2025
90004				250220 0742
90006				250219 2120
90006				250220 0738
00011				250219 1700
00011				250220 0740
00025				250219 1702
00025				250220 0709
00032				250219 1948
00032				250220 0729
00060				250219 1722
00060				250220 0743
00065				250219 1706
00065				250220 0751
00095				250219 1701
00099				250219 1702
00099				250220 0754
00102				250219 1917
00121				250219 1700
00121				250220 0750
00142				250219 1947
00142				250220 0656
00158				250219 1700
00158				250220 0735
00191				250219 1531
00191				250220 0655
00192				250219 1734
00192				250220 0753
00194				250219 1705
00194				250220 0733
00213				250219 1701
00213				250220 0732
00215				250219 1954
00215				250220 0725
00223				250219 2000
00223				250220 0724
00229				250219 1534
00229				250220 0725
00236				250219 1947
00236				250220 0706
00241				250219 2000
00241				250220 0736
00242				250219 1709
00242				250220 0741
00257				250219 1646
00257				250220 0725
00265				250219 1949
00265				250220 0732
00281				250219 2001
00281				250220 0635
00285				250219 1947
00285				250220 0741
00294				250219 1700
00294				250220 0747
00306				250219 1700
00306				250220 0714
00316				250219 1532
00316				250220 0715
00333				250219 1702
00333				250220 0657
00334				250219 1712
00334				250220 0739
00337				250219 1702
00337				250220 0715
00342				250219 1703
00342				250220 0754
00363				250219 2001
00363				250220 0752
00373				250219 1952
00373				250220 0731
00384				250219 1900
00384				250220 0720
00389				250219 1653
00389				250220 0742
00393				250219 1707
00393				250220 0735
00401				250219 1524
00401				250219 2330
00426				250219 1650
00426				250220 0736
00441				250219 1700
00441				250220 0758
00453				250219 1723
00453				250220 0708
00459				250219 1700
00459				250220 0737
00460				250219 2000
00460				250220 0731
00461				250219 1930
00461				250220 0722
00463				250219 1700
00463				250220 0731
00471				250219 1947
00471				250220 0729
00475				250219 2000
00475				250220 0737
00477				250219 1946
00477				250220 0702
00478				250219 1701
00478				250220 0758
00488				250219 1747
00488				250220 0727
00493				250220 0726
00505				250219 1946
00505				250220 0651
00518				250219 2320
00518				250220 0746
00521				250219 1702
00521				250220 0742
00533				250219 1703
00533				250220 0720
00553				250219 1647
00553				250220 0705
00566				250219 1701
00566				250220 0759
00573				250219 1701
00573				250220 0758
00604				250219 1649
00604				250220 0754
00606				250219 1701
00606				250220 0739
00611				250219 1705
00611				250220 0721
00628				250219 1701
00628				250220 0723
00631				250219 2000
00631				250220 0742
00672				250219 1701
00672				250220 0709
00688				250219 1645
00688				250220 0739
00695				250220 0752
00730				250219 1649
00730				250220 0721
00731				250219 1731
00731				250220 0754
00747				250219 1706
00747				250220 0753
00785				250219 1530
00785				250220 0709
00786				250219 1700
00786				250220 0647
00807				250220 0753
00817				250219 1933
00817				250220 0730
00874				250219 1946
00874				250220 0656
00899				250219 1946
00899				250220 0709
00906				250219 1701
00906				250220 0749
00913				250219 1659
00913				250220 0741
00924				250219 1946
00924				250220 0630
00933				250219 1916
00933				250220 0805
00956				250219 1641
00956				250220 0726
00958				250219 2020
00958				250220 0755
00961				250219 1947
00961				250220 0707
01032				250219 1729
01032				250220 0734
01090				250219 2000
01090				250220 0744
01094				250219 2001
01094				250220 0706
01102				250219 1703
01102				250220 0747
01114				250219 2000
01114				250220 0703
01119				250219 1949
01119				250220 0635
01121				250219 1946
01121				250220 0736
01124				250219 1947
01124				250220 0710
01125				250219 1701
01125				250220 0724
01128				250219 1703
01128				250220 0757
01154				250219 1702
01154				250220 0739
01157				250219 1946
01157				250220 0737
01174				250219 1527
01174				250219 2330
01183				250219 1946
01183				250220 0738
01202				250219 1703
01202				250220 0732
01208				250219 1701
01208				250220 0746
01215				250220 0726
01248				250219 1947
01248				250220 0725
01263				250219 1702
01263				250219 1712
01263				250219 2020
01263				250220 0732
01275				250219 1531
01275				250220 0714
01282				250219 1700
01282				250220 0727
01283				250219 1652
01283				250220 0757
01286				250219 1701
01286				250220 0736
01297				250219 1646
01297				250220 0730
01302				250219 1648
01302				250220 0716
01308				250219 1646
01308				250220 0755
01310				250219 1646
01310				250220 0741
01312				250219 1700
01312				250220 0730
01333				250219 1945
01333				250220 0647
01346				250219 2308
01346				250220 0730
01358				250219 1707
01358				250220 0719
01364				250219 1745
01364				250220 0703
01371				250219 1652
01371				250220 0742
01382				250219 1706
01382				250220 0738
01399				250219 1655
01399				250220 0742
01409				250219 1647
01409				250220 0636
01422				250220 0741
01425				250219 1647
01425				250220 0744
01430				250219 1649
01430				250220 0731
01433				250219 1702
01433				250220 0746
01435				250219 1645
01438				250219 2005
01438				250220 0805
01440				250219 1701
01440				250220 0742
01443				250219 1946
01443				250220 0730
01451				250219 2021
01451				250220 0747
01467				250219 1700
01467				250220 0655
01468				250219 1946
01468				250220 0737
01469				250219 1945
01469				250220 0703
01473				250219 1701
01473				250220 0753
01477				250219 1657
01477				250220 0759
01485				250219 1700
01485				250220 0650
01493				250219 1945
01493				250220 0734
01495				250219 2001
01495				250220 0751
01497				250219 2000
01497				250220 0736
01509				250219 1946
01509				250220 0731
01512				250219 1945
01512				250220 0740
01523				250219 2304
01523				250220 0731
01537				250219 1649
01537				250220 0752
01540				250219 1650
01540				250220 0728
01546				250219 1707
01546				250220 0653
01551				250219 1945
01551				250220 0739
01570				250219 1535
01570				250220 0655
01641				250219 1948
01641				250220 0710
01654				250219 1647
01654				250220 0724
01665				250219 1948
01665				250220 0732
01680				250219 1530
01680				250220 0659
01690				250219 1947
01690				250220 0629
01691				250219 1704
01691				250220 0706
01726				250219 1648
01726				250220 0748
01729				250219 1703
01729				250220 0739
01763				250219 1948
01763				250220 0704
01773				250219 1948
01773				250220 0732
01781				250219 1702
01782				250219 1131
01782				250219 1701
01782				250220 0749
01791				250219 1900
01791				250220 0728
01795				250219 1702
01795				250220 0739
01823				250219 1700
01823				250220 0706
01827				250219 1702
01827				250220 0736
01832				250219 1707
01832				250220 0743
01847				250219 1702
01847				250220 0730
01856				250219 1510
01856				250219 2331
01880				250219 1700
01880				250220 0731
01893				250219 2234
01893				250220 0732
01895				250219 1704
01895				250219 1709
01895				250219 2021
01895				250220 0755
01900				250219 1902
01900				250220 0653
01910				250219 1703
01910				250220 0748
01916				250219 1951
01916				250220 0730
01922				250219 1520
01922				250219 2342
01924				250219 1720
01924				250220 0753
01932				250219 1951
01932				250220 0730
01934				250219 1948
01934				250220 0740
01940				250219 1947
01940				250220 0737
01945				250219 1646
01945				250220 0710
01947				250220 0754
01956				250219 1700
01956				250220 0748
01958				250219 1645
01958				250220 0727
01959				250219 1700
01959				250220 0720
01964				250220 0755
01965				250219 1530
01965				250220 0655
01976				250219 1701
01976				250220 0706
01982				250219 1935
01982				250220 0733
01983				250219 1514
01983				250219 2331
01988				250219 1700
01988				250220 0749
01991				250219 1901
01991				250220 0716
01996				250219 1809
01996				250220 0758
02007				250219 1701
02007				250220 0712
02011				250219 2000
02011				250220 0748
02016				250219 1700
02016				250220 0734
02029				250219 1652
02029				250220 0720
02030				250219 1647
02030				250220 0731
02047				250219 1746
02047				250220 0753
02059				250219 1648
02059				250220 0646
02062				250219 1700
02062				250220 0758
02066				250219 1837
02077				250219 1701
02077				250220 0739
02084				250220 0707
02114				250219 1533
02114				250220 0641
02115				250219 1959
02115				250220 0749
02117				250219 1704
02117				250220 0750
02123				250219 1525
02123				250219 2338
02130				250219 1702
02130				250220 0742
02131				250220 0751
02151				250219 2000
02159				250219 1933
02159				250220 0730
02166				250219 1533
02166				250220 0652
02172				250219 1948
02172				250220 0736
02179				250219 1502
02179				250219 2330
02183				250219 1701
02183				250220 0754
02193				250219 1700
02193				250220 0731
02202				250219 2000
02202				250220 0732
02207				250219 1520
02207				250219 2330
02217				250219 1702
02217				250220 0753
02229				250219 1951
02229				250220 0626
02232				250219 2001
02232				250220 0750
02233				250219 1646
02233				250220 0730
02245				250219 1645
02245				250220 0619
02245				250220 0709
02251				250219 1444
02251				250219 2330
02263				250219 1516
02263				250219 2330
02270				250219 1534
02270				250220 0723
02271				250219 1900
02271				250220 0659
02275				250219 1900
02275				250220 0725
02279				250219 1950
02279				250220 0734
02298				250219 2000
02298				250220 0725
02315				250219 1903
02315				250220 0720
02318				250220 0738
02320				250219 1701
02320				250220 0705
02346				250219 1510
02346				250219 2331
02355				250219 2000
02355				250220 0741
02359				250219 1948
02359				250220 0656
02362				250219 1948
02362				250220 0734
02371				250219 2001
02371				250220 0723
02371				250220 0740
02388				250219 1700
02388				250220 0753
02397				250219 2021
02397				250220 0746
02401				250219 1930
02401				250220 0752
02411				250219 2000
02411				250220 0748
02420				250219 2020
02420				250220 0740
02424				250219 1700
02424				250220 0757
02425				250219 2249
02425				250220 0730
02435				250219 1511
02435				250219 2330
02443				250219 2321
02443				250220 0735
02447				250219 1646
02447				250220 0714
02464				250219 1530
02464				250220 0707
02484				250219 2330
02486				250219 2001
02486				250220 0751
02491				250219 1516
02491				250219 2330
02492				250219 1515
02492				250219 2330
02498				250219 1702
02500				250219 2000
02500				250220 0738
02508				250219 1702
02508				250220 0741
02511				250219 1533
02511				250220 0705
02519				250219 1646
02519				250220 0737
02530				250219 2001
02530				250220 0749
02533				250219 1648
02533				250220 0719
02561				250219 1705
02561				250220 0748
02562				250219 1702
02562				250220 0741
02564				250219 1504
02564				250219 2330
02587				250219 1821
02587				250220 0756
02592				250219 1708
02592				250220 0656
02601				250219 1947
02601				250220 0702
02628				250219 2000
02628				250220 0745
02630				250219 2000
02630				250220 0723
02637				250219 1701
02637				250220 0746
02649				250220 0750
02654				250219 1700
02658				250219 1515
02658				250219 2330
02659				250219 1946
02659				250220 0709
02660				250219 1949
02660				250220 0656
02664				250219 1700
02664				250220 0742
02673				250219 1646
02673				250220 0738
02694				250219 1521
02694				250219 2330
02696				250220 0756
02698				250219 1717
02698				250220 0742
02710				250219 2000
02710				250220 0754
02711				250219 1816
02711				250220 0632
02722				250219 1702
02722				250220 0742
02727				250219 1842
02727				250220 0738
02729				250219 2325
02729				250220 0733
02734				250219 1532
02734				250220 0703
02738				250219 2314
02738				250220 0732
02739				250219 2020
02739				250220 0744
02743				250219 1948
02743				250220 0734
02756				250219 1846
02756				250220 0736
02763				250219 2000
02763				250220 0734
02781				250219 1701
02781				250220 0752
02782				250219 2001
02782				250220 0750
02784				250219 1701
02784				250220 0754
02785				250219 1901
02785				250220 0713
02788				250219 2000
02788				250220 0734
02805				250219 1947
02805				250220 0738
02808				250219 2234
02808				250220 0730
02809				250220 0714
02822				250219 2325
02822				250220 0731
02823				250219 1512
02823				250219 2330
02829				250219 1455
02829				250219 2331
02832				250219 1841
02832				250220 0800
02833				250219 1700
02833				250220 0742
02834				250219 1703
02834				250220 0756
02844				250219 2000
02844				250220 0750
02845				250219 1701
02845				250220 0733
02863				250219 1520
02863				250219 2330
02868				250219 1711
02868				250220 0749
02870				250219 1700
02870				250220 0713
02873				250219 1945
02879				250219 1703
02879				250220 0759
02885				250219 1702
02885				250220 0757
02891				250219 1709
02891				250220 0750
02893				250219 2022
02893				250220 0721
02895				250219 2000
02895				250220 0742
02902				250219 1647
02902				250220 0734
02911				250219 1645
02911				250220 0700
02917				250219 2000
02917				250220 0700
02923				250219 1647
02923				250220 0714
02924				250219 1645
02924				250220 0736
02927				250219 2001
02927				250220 0746
02945				250219 1708
02945				250220 0749
02948				250219 2000
02948				250220 0750
02950				250219 2002
02950				250220 0805
02958				250219 1520
02958				250219 2332
02962				250219 1649
02962				250220 0709
02970				250219 1703
02970				250220 0741
02976				250219 1522
02976				250219 2331
02981				250219 1702
02981				250220 0750
02983				250219 1701
02983				250220 0746
02984				250219 1701
02984				250220 0706
02986				250219 1530
02986				250220 0707
02987				250219 1711
02987				250220 0702
02989				250219 2001
02989				250220 0747
02997				250219 1701
02997				250220 0753
02998				250219 1701
03000				250219 1900
03000				250220 0656
03010				250219 1519
03010				250219 2330
03011				250219 1648
03011				250220 0715
03018				250219 1647
03018				250220 0734
03019				250219 1713
03019				250220 0724
03024				250219 1441
03024				250219 2330
03033				250219 1710
03033				250220 0745
03035				250219 1700
03035				250220 0741
03046				250219 1520
03046				250219 2330
03049				250219 1531
03049				250220 0720
03053				250219 2007
03053				250220 0808
03054				250219 1515
03054				250219 2330
03057				250219 1704
03057				250219 1710
03057				250219 2020
03057				250220 0733
03068				250219 1647
03068				250220 0704
03069				250219 1945
03069				250220 0740
03082				250219 1518
03082				250219 1524
03082				250219 2330
03098				250219 1519
03098				250219 2330
03102				250219 1949
03102				250220 0709
03112				250219 1531
03112				250220 0727
03115				250219 1701
03115				250220 0744
03116				250219 1703
03116				250220 0740
03118				250219 1535
03118				250220 0702
03124				250219 1700
03124				250220 0725
03125				250219 1945
03125				250219 1952
03125				250220 0730
03132				250219 1646
03132				250220 0659
03134				250219 1512
03134				250219 2330
03159				250219 1522
03159				250219 2336
03163				250219 2020
03163				250220 0743
03166				250219 1531
03166				250220 0721
03182				250219 2021
03182				250220 0747
03192				250219 1700
03192				250220 0738
03197				250219 1700
03197				250220 0709
03211				250219 1915
03211				250220 0710
03213				250219 2331
03221				250219 1700
03221				250220 0728
03226				250219 1700
03227				250219 2001
03228				250219 1708
03228				250220 0756
03230				250219 2248
03230				250220 0730
03231				250219 1715
03231				250220 0755
03235				250219 1645
03235				250220 0704
03239				250219 1928
03239				250220 0731
03245				250219 1646
03245				250220 0700
03246				250219 1808
03246				250220 0754
03258				250219 1700
03258				250220 0729
03259				250219 1948
03259				250220 0806
03260				250219 1944
03260				250220 0730
03262				250219 1654
03262				250220 0735
03269				250219 1645
03269				250220 0739
03284				250219 1522
03284				250219 2331
03294				250219 1700
03294				250220 0755
03296				250219 2000
03299				250219 1531
03299				250220 0716
03303				250219 1138
03303				250219 2333
03307				250219 1945
03307				250220 0741
03313				250219 1532
03313				250220 0718
03315				250219 1518
03315				250219 2335
03318				250219 1948
03318				250220 0729
03326				250219 1708
03326				250220 0748
03327				250219 1645
03327				250220 0709
03329				250219 2000
03329				250220 0746
03333				250219 2001
03333				250220 0710
03334				250219 1946
03334				250220 0740
03335				250219 1645
03339				250219 1949
03339				250220 0658
03345				250219 2000
03345				250220 0746
03346				250219 1701
03346				250220 0745
03348				250219 1946
03348				250220 0717
03351				250219 2000
03351				250220 0755
03354				250219 1947
03354				250220 0627
03362				250219 1532
03362				250220 0726
03363				250219 2001
03363				250220 0710
03365				250219 1531
03365				250220 0707
03366				250219 2234
03366				250220 0730
03369				250219 1704
03369				250220 0758
03370				250219 1708
03370				250220 0752
03375				250219 1945
03375				250220 0739
03382				250219 1948
03382				250220 0634
03383				250219 2001
03383				250220 0745
03384				250219 1700
03384				250220 0749
03385				250219 1541
03385				250220 0720
03386				250219 2307
03386				250220 0732
03387				250219 2007
03387				250220 0805
03388				250219 1505
03388				250219 2330
03389				250219 1700
03392				250219 1705
03392				250220 0754
03394				250219 2001
03394				250220 0711
03396				250219 1508
03396				250219 2330
03398				250219 2000
03398				250220 0745
03401				250219 1532
03401				250220 0722
03403				250219 1716
03403				250220 0759
03404				250219 1518
03404				250219 2330
03406				250219 1708
03406				250220 0751
03411				250219 1703
03411				250220 0753
03412				250220 0743
03415				250219 1707
03415				250220 0750
03418				250219 1647
03418				250220 0726
03424				250219 1700
03424				250220 0747
03426				250219 1741
03426				250220 0756
03428				250219 1715
03428				250220 0756
03429				250219 1711
03429				250220 0643
03430				250219 1704
03430				250220 0747
03434				250219 1708
03434				250220 0754
03435				250219 1808
03435				250220 0749
03436				250220 0743
03439				250219 1646
03439				250220 0707
03442				250219 2309
03442				250220 0731
03443				250219 2000
03443				250220 0753
03445				250219 1704
03445				250220 0752
03447				250219 1707
03447				250220 0754
03448				250219 1703
03448				250220 0745
03449				250219 1717
03449				250220 0751
03450				250219 1710
03450				250220 0752
03451				250219 1701
03451				250220 0752
03455				250219 1714
03455				250220 0730
03457				250219 2009
03457				250220 0743
03460				250219 1701
03460				250220 0745
03461				250219 1205
03461				250220 0757
03462				250219 1711
03462				250220 0753
03464				250219 1701
03464				250220 0744
03465				250219 1530
03465				250220 0659
03466				250219 2308
03466				250220 0730
03469				250219 1520
03469				250219 2330
03470				250219 1532
03470				250220 0705
03471				250219 1737
03471				250220 0754
03472				250219 1727
03472				250220 0734
03476				250219 1531
03476				250220 0718
03477				250219 2000
03477				250220 0746
03478				250219 1948
03478				250220 0731
03479				250219 1947
03479				250220 0726
03480				250219 2000
03480				250220 0703
03481				250219 2000
03481				250220 0746
03482				250219 1945
03482				250220 0735
03483				250219 1945
03483				250220 0735
03484				250219 1701
03484				250220 0747
03485				250219 1648
03485				250220 0733
03486				250219 1704
03486				250220 0728
03473				250219 1945
03473				250220 0735
03474				250219 1946
03474				250220 0738
03475				250219 1946
03475				250220 0740
90007				250219 2021
90007				250220 0736
90008				250219 2020
90008				250220 0708
90008				250220 0747
10004				250219 1832
10004				250219 2301
10004				250219 2306
10004				250219 2308
10004				250220 0001
10004				250220 0005
10004				250220 0008
10004				250220 0101
10004				250220 0105
10004				250220 0107
10004				250220 0201
10004				250220 0205
10004				250220 0208
10004				250220 0703
10005				250219 1902
10005				250220 0648
10006				250219 1853
10006				250220 0311
10006				250220 0315
10006				250220 0318
10006				250220 0427
10006				250220 0434
10006				250220 0440
10006				250220 0542
10006				250220 0544
10006				250220 0547
10006				250220 0606
10006				250220 0609
10006				250220 0612
10006				250220 0701
10007				250219 1857
10007				250220 0701
10009				250219 1659
10009				250220 0714
10031				250219 1911
10031				250219 1916
10031				250219 2040
10031				250219 2043
10031				250219 2046
10031				250219 2153
10031				250219 2159
10031				250219 2201
10035				250219 1900
10035				250220 0649
10036				250219 1901
10036				250220 0626
20001				250219 1712
20001				250220 0723
30001				250220 0655
30002				250219 1701
30002				250220 0737
30003				250219 1701
30003				250220 0731
30004				250220 0738
90011				250219 2020
90011				250220 0705
90013				250219 2020
90013				250220 0750
90015				250219 2020
90015				250220 0708
90016				250219 2120
90016				250220 0752
90017				250219 2120
90017				250220 0747
90022				250219 2020
90022				250220 0658
90023				250219 2020
90023				250220 0732
90012				250219 2020
90012				250220 0713
90014				250219 2020
90014				250220 0731